[-211, 310, 321, 321]
[-211, -211, 211, 211, 321]
[-211, 211, 211, 310, 310]
[111, -211, 310, 321, 321]
[-211, 211, -321, 321, 321]
[111, -211, -211, 211, 211, 321]
[111, -211, 211, -321, 321, 321]
[-211, 211, 211, 310, -321, 321]
[111, -211, -211, 211, 211, 310, 321]
[111, 111, -211, 211, -321, 321, 321]
[111, -211, -211, 211, 310, 321, 321]
[111, -211, 211, 211, 310, -321, 321]
[-211, -211, 211, 211, -321, 321, 321]
[111, -211, -211, -211, 211, 211, 211, 321]
[111, 111, -211, 211, 211, 310, -321, 321]
[111, -211, -211, 211, 211, -321, 321, 321]
[-211, -211, -211, 211, 211, 211, -321, 321, 321]
