#category mES   deltaE
1	5.27992	0.00817481
1	5.28158	-0.0788258
1	5.28287	0.0631369
1	5.28269	0.111334
1	5.27876	0.0607096
1	5.27495	0.0171849
1	5.27791	0.0779782
1	5.27551	-0.0416887
1	5.28091	-0.00547918
1	5.28218	0.0145853
1	5.27389	0.0767821
1	5.28184	-0.00174145
1	5.28077	0.0674097
1	5.28128	0.0293877
1	5.281	0.0196939
1	5.28547	-0.0613126
1	5.26357	-0.205507
1	5.2797	0.0254538
1	5.28215	-0.0372122
1	5.28234	0.0758877
1	5.25674	-0.210288
1	5.23978	-0.297125
1	5.28314	-0.142487
1	5.27943	0.00849933
1	5.26954	0.101318
1	5.2806	-0.0116006
1	5.27977	-0.00641918
1	5.28191	-0.00348698
1	5.27995	0.0104805
1	5.27512	0.035899
1	5.28129	0.0304395
1	5.27749	0.047168
1	5.26898	-0.0990334
1	5.27589	-0.0104156
1	5.2752	0.060086
1	5.27962	-0.00537433
1	5.27586	0.00741116
1	5.2829	-0.0331379
1	5.28159	-0.199653
1	5.27815	-0.0257961
1	5.27793	0.0588017
1	5.27669	-0.000605694
1	5.27751	0.0908331
1	5.28762	-0.200288
1	5.28821	-0.053973
1	5.27918	-0.060102
1	5.28009	0.0355307
1	5.27706	0.00523275
1	5.2786	0.0114495
1	5.26177	-0.214565
1	5.2851	-0.139691
1	5.27691	-0.0665555
1	5.27623	0.067529
1	5.28166	-0.0135725
1	5.28159	0.00812416
1	5.2838	-0.0367969
1	5.28211	-0.066867
1	5.28342	-0.0176099
1	5.2783	0.0623562
1	5.25563	-0.176337
1	5.27977	0.0284529
1	5.26765	0.0412591
1	5.27857	0.0547242
1	5.28002	-0.00299068
1	5.27525	0.0393125
1	5.27351	-0.0271174
1	5.27939	0.037084
1	5.27382	0.266623
1	5.2776	0.0510926
1	5.27457	0.0393176
1	5.28039	0.0111708
1	5.27986	-0.023584
1	5.27899	-0.047632
1	5.27741	0.0681068
1	5.27938	0.0391684
1	5.28427	0.0120489
1	5.28707	0.00135343
1	5.27827	-0.106035
1	5.27694	-0.00874919
1	5.28049	0.0551802
1	5.27731	0.0464543
1	5.222	0.0995104
1	5.28237	0.0242446
1	5.27939	-0.0436257
1	5.28058	-0.234533
1	5.27633	-0.0951119
1	5.27832	0.0301342
1	5.27463	-0.0373467
1	5.27994	-0.0035818
1	5.27814	-0.00161922
1	5.27629	0.0252757
1	5.27791	0.0371572
1	5.27269	-0.0606935
1	5.27622	-0.0406467
1	5.27875	-0.131939
1	5.2784	0.0171148
1	5.27816	-0.09267
1	5.27855	0.0531639
1	5.27909	-0.0608864
1	5.28002	0.0525686
1	5.27724	0.0289105
1	5.27747	-0.0390018
1	5.27813	0.00680233
1	5.28217	0.000344789
1	5.27963	0.0351494
1	5.28148	0.0463751
1	5.28087	-0.0486074
1	5.27709	-0.14441
1	5.25338	-0.299374
1	5.28054	0.0189864
1	5.27073	-0.122464
1	5.28281	-0.0320289
1	5.26154	-0.0836494
1	5.28193	-0.0362016
1	5.2784	0.0239277
1	5.28502	0.0654066
1	5.27961	0.00430891
1	5.2776	-0.0664715
1	5.28099	0.019622
1	5.27866	0.0713436
1	5.28274	0.0302286
1	5.27737	0.0402942
1	5.27758	0.0635495
1	5.27834	0.0303473
1	5.28059	0.00619888
1	5.26153	-0.174264
1	5.27663	0.0716121
1	5.27049	-0.202533
1	5.28189	0.0531684
1	5.28072	0.010193
1	5.27832	0.0209907
1	5.27401	-0.128592
1	5.28125	-0.0172102
1	5.28327	-0.169692
1	5.27843	-0.0604404
1	5.27934	0.0518588
1	5.27893	-0.00266221
1	5.27401	-0.0642216
1	5.27643	-0.108392
1	5.28008	0.066907
1	5.28038	0.0445616
1	5.27738	0.0450235
1	5.27917	-0.00469637
1	5.27792	0.02301
1	5.26869	-0.0793582
1	5.28045	0.0605849
1	5.27008	-0.182348
1	5.28171	-0.269426
1	5.27766	0.0570689
1	5.27703	0.01441
1	5.28125	0.0456351
1	5.27872	-0.0483524
1	5.28147	-0.116516
1	5.28121	0.030326
1	5.27933	-0.129747
1	5.28125	-0.0173313
1	5.27325	-0.0510294
1	5.28262	0.0161926
1	5.25607	-0.0683204
1	5.27589	-0.182584
1	5.27859	0.00778324
1	5.28332	-0.0894801
1	5.27789	0.0509383
1	5.28428	-0.0556831
1	5.27685	0.0479146
1	5.2765	0.0464157
1	5.27614	0.0542323
1	5.28346	-0.0381955
1	5.28087	-0.058483
1	5.2783	-0.00505276
1	5.27627	0.0112491
1	5.28117	0.0369281
1	5.28594	0.0616856
1	5.28572	-0.0257355
1	5.27447	-0.0948925
1	5.28667	-0.00614655
1	5.27878	-0.038569
1	5.27974	0.0816021
1	5.27615	-0.242194
1	5.25508	-0.262128
1	5.284	0.000514056
1	5.27464	-0.00634647
1	5.28182	-0.0382019
1	5.27551	-0.271941
1	5.27986	0.0644101
1	5.27885	-0.0481054
1	5.28302	0.0819668
1	5.27959	0.0565079
1	5.27844	0.016904
1	5.27751	0.0562758
1	5.27812	-0.0779839
1	5.27782	-0.00920299
1	5.26357	-0.208137
1	5.28174	-0.0233094
1	5.28144	-0.0223825
1	5.2795	0.00787531
1	5.27773	-0.024491
1	5.23485	-0.283759
1	5.27699	0.0292634
1	5.28044	-0.00206431
1	5.2851	-0.123758
1	5.27966	0.0229736
1	5.27513	-0.250063
1	5.28075	0.0673408
1	5.28084	-0.0751809
1	5.27954	-0.0177939
1	5.28099	-0.00520665
1	5.28181	-0.0624018
1	5.2813	0.0113774
1	5.28249	0.0913929
1	5.28323	-0.0397891
1	5.26023	-0.116512
1	5.24849	-0.0967168
1	5.26158	-0.179998
1	5.28217	-4.69E-05
1	5.28189	0.00512874
1	5.27807	0.0482643
1	5.24685	-0.272381
1	5.27593	0.0436526
1	5.27976	-0.0458297
1	5.2824	-0.0479244
1	5.28238	-0.00558317
1	5.28119	0.0260037
1	5.26255	-0.0997064
1	5.28274	0.0186871
1	5.27946	0.044666
1	5.27812	-0.0639557
1	5.28166	-0.0202908
1	5.27674	0.00242419
1	5.2164	0.113694
1	5.28127	-0.047659
1	5.23394	0.0881623
1	5.27213	0.0082793
1	5.27861	-0.147552
1	5.28476	0.0501967
1	5.26638	-0.214874
1	5.28566	-0.0851407
1	5.24883	-0.204018
1	5.27489	0.0380125
1	5.27824	0.00311659
1	5.26877	-0.285965
1	5.28185	0.0601123
1	5.27203	0.196213
1	5.27709	-0.0159722
1	5.28029	0.0390762
1	5.28245	0.0215686
1	5.27194	0.0649401
1	5.27618	0.0405604
1	5.28267	0.0406585
1	5.2741	0.00561554
1	5.26531	-0.131795
1	5.275	0.0154015
1	5.28084	-0.0138161
1	5.28619	0.0223195
1	5.27689	-0.0421413
1	5.28011	-0.000776063
1	5.27967	-0.0676798
1	5.26552	-0.180581
1	5.28235	0.0270731
1	5.27585	0.0240623
1	5.27529	-0.0225628
1	5.27674	0.0117653
1	5.28286	-0.0601915
1	5.282	-0.0131829
1	5.28122	-0.0182607
1	5.27925	0.0510778
1	5.28231	-0.0249631
1	5.28133	0.0197287
1	5.27594	0.00103825
1	5.28197	-0.00604721
1	5.20118	-0.296599
1	5.28393	-0.27638
1	5.27905	0.0803385
1	5.28527	-0.0646931
1	5.27837	-0.0176606
1	5.28116	0.022078
1	5.2783	0.0494284
1	5.28181	0.0583812
1	5.28433	-0.0291476
1	5.28109	0.0156182
1	5.27799	0.0181971
1	5.27853	-0.0406655
1	5.27849	0.067752
1	5.2811	-0.0178297
1	5.28016	-0.0216442
1	5.27692	-0.156641
1	5.28264	0.0452821
1	5.27712	0.00994847
1	5.28045	-0.0428817
1	5.27959	0.0360142
1	5.28018	-0.030173
1	5.27956	-0.153211
1	5.27683	0.0386905
1	5.24322	-0.236595
1	5.25208	-0.268567
1	5.2631	-0.232611
1	5.28211	-0.0640927
1	5.27473	-0.0414731
1	5.27643	0.0189277
1	5.27857	-0.0375762
1	5.2658	-0.0972286
1	5.28236	0.00163666
1	5.27236	0.0671388
1	5.24821	-0.228847
1	5.27678	0.0432666
1	5.28194	0.00218251
1	5.27759	0.0341397
1	5.27695	0.0280434
1	5.28278	-0.0767734
1	5.28201	0.0338865
1	5.27502	0.0813308
1	5.28208	-0.093934
1	5.24483	-0.0533758
1	5.2757	0.0568711
1	5.28209	-0.0567271
1	5.28049	-0.0540043
1	5.27725	-0.0117416
1	5.27731	-0.00552763
1	5.28567	0.0643327
1	5.2844	-0.234619
1	5.28243	-0.0893999
1	5.2848	-0.258069
1	5.27718	0.047638
1	5.21883	-0.193284
1	5.25253	-0.236794
1	5.28066	0.0414423
1	5.28025	-0.00271734
1	5.2807	0.0337466
1	5.27751	0.00599672
1	5.28254	0.0470708
1	5.28311	-0.0359596
1	5.28132	-0.00960662
1	5.27881	0.0588747
1	5.2818	0.0220507
1	5.27694	0.0473581
1	5.28083	-0.0429228
1	5.27609	0.0437043
1	5.28117	-0.048199
1	5.27458	0.05199
1	5.28036	0.012593
1	5.28039	-0.0114504
1	5.27274	0.0221944
1	5.28478	0.0431472
1	5.28032	0.0132962
1	5.26533	-0.123919
1	5.28201	0.0243566
1	5.27828	-0.0492555
1	5.27902	0.0192152
1	5.28101	0.0125679
1	5.27597	-0.0114854
1	5.28556	0.126061
1	5.26951	0.0861772
1	5.28074	0.0196394
1	5.27974	-0.0392322
1	5.27895	0.0631226
1	5.28194	0.00811908
1	5.27972	0.0575703
1	5.28023	-0.0383811
1	5.27555	0.0408445
1	5.27577	0.0360167
1	5.28034	0.0351949
1	5.28019	0.0201966
1	5.27739	-0.0121162
1	5.27815	0.042652
1	5.28087	-0.0878108
1	5.27861	-0.0154193
1	5.27915	0.0579306
1	5.28395	-0.0087266
1	5.2842	0.0293065
1	5.27216	0.130681
1	5.28085	0.012059
1	5.28117	-0.0338082
1	5.28013	-0.161488
1	5.27889	0.0225151
1	5.27492	-0.0680204
1	5.2799	0.0444697
1	5.28267	0.00781979
1	5.28363	-0.214549
1	5.28176	0.0324767
1	5.28169	-0.151075
1	5.26558	-0.12169
1	5.24341	-0.229531
1	5.26607	-0.139532
1	5.23317	-0.191609
1	5.28252	0.0185914
1	5.27696	-0.163879
1	5.28111	-0.11327
1	5.2742	-0.148783
1	5.27586	0.00738477
1	5.2801	0.0684234
1	5.28264	-0.1311
1	5.27445	-0.141881
1	5.28108	-0.0044852
1	5.21259	-0.26773
1	5.23732	-0.069567
1	5.21767	-0.133882
1	5.27853	0.0338342
1	5.27955	0.0402357
1	5.28202	0.00985975
1	5.26912	-0.0971516
1	5.27679	0.0351682
1	5.27615	0.0682766
1	5.28382	-0.161324
1	5.2784	-0.0121918
1	5.28048	-0.22256
1	5.27949	-0.0442071
1	5.27969	0.0199912
1	5.26775	-0.0513039
1	5.27358	0.0506739
1	5.28224	0.0463804
1	5.28222	-0.00853412
1	5.27919	0.034193
1	5.28162	0.0173949
1	5.27708	-0.0778067
1	5.28038	0.0250848
1	5.27661	-0.0284837
1	5.2747	0.0633538
1	5.27967	0.0434379
1	5.28011	0.00182245
1	5.28762	-0.19402
1	5.28519	-0.110022
1	5.27748	0.0201422
1	5.27957	0.0528301
1	5.278	-0.0520467
1	5.28186	0.0657201
1	5.28538	-0.039617
1	5.2648	-0.137224
1	5.28742	-0.24919
1	5.27995	0.00882801
1	5.28027	-0.0232673
1	5.28046	-0.298824
1	5.27883	-0.00274085
1	5.28272	0.00081704
1	5.27455	0.01392
1	5.24392	-0.265249
1	5.28133	0.064673
1	5.27808	-0.119379
1	5.27523	-0.0376972
1	5.27944	0.00663056
1	5.28394	-0.0207439
1	5.21405	-0.0625341
1	5.27731	-0.104939
1	5.2806	-0.00419973
1	5.28086	0.0217914
1	5.27612	0.0384888
1	5.27754	0.0725254
1	5.27942	-0.0140418
1	5.27784	-0.00167116
1	5.27939	-0.0356723
1	5.26721	-0.19847
1	5.28411	0.0190438
1	5.27944	-0.0717626
1	5.27891	0.0687383
1	5.27907	-0.0193801
1	5.28167	-0.0409517
1	5.27435	-0.0490677
1	5.27734	-0.038115
1	5.2812	-0.029207
1	5.27621	-0.0773168
1	5.27581	-0.0056928
1	5.27714	0.0176149
1	5.28198	0.0300377
1	5.27842	-0.0304333
1	5.28381	0.0799306
1	5.2797	-0.00902302
1	5.28356	0.0367394
1	5.28097	-0.0214374
1	5.2798	0.0253572
1	5.27773	0.0088817
1	5.27302	0.062613
1	5.27428	0.0149778
1	5.27627	-0.0291883
1	5.28077	0.0565084
1	5.27512	-0.0924412
1	5.279	-0.0328652
1	5.27548	0.0227636
1	5.27782	-0.0287694
1	5.28806	-0.284947
1	5.28105	0.140178
1	5.27747	0.0642014
1	5.20716	-0.25088
1	5.27975	0.0417068
1	5.27847	0.0655055
1	5.28693	-0.0548829
1	5.28384	-0.13582
1	5.27074	-0.0700198
1	5.27936	0.0635792
1	5.28495	-0.219604
1	5.27838	-0.0435665
1	5.28105	0.0408032
1	5.27841	0.025057
1	5.2758	0.0758886
1	5.28029	0.0711981
1	5.24508	-0.237117
1	5.27643	0.201759
1	5.28261	0.00831821
1	5.27785	-0.183691
1	5.28504	-0.175256
1	5.27956	-0.0115434
1	5.27727	0.0184525
1	5.27701	-0.0188283
1	5.28621	-0.126304
1	5.28416	-0.00402034
1	5.27931	-0.0477285
1	5.28233	0.030369
1	5.23848	-0.254766
1	5.28408	-0.23373
1	5.27781	0.0592151
1	5.27614	-0.0154648
1	5.27473	-0.27083
1	5.28	-0.209178
1	5.28252	0.0531812
1	5.28243	-0.0155812
1	5.27855	-0.046389
1	5.27208	-0.175869
1	5.27772	0.0129173
1	5.27996	0.0700817
1	5.2826	0.00632636
1	5.27964	0.0586799
1	5.27783	0.0286701
1	5.27918	-0.0150476
1	5.28283	-0.0568382
1	5.27435	0.139683
1	5.27952	0.0998129
1	5.27939	-0.0630272
1	5.27168	-0.236346
1	5.27614	-0.066061
1	5.2743	-0.174355
1	5.28261	-0.0268493
1	5.27799	-0.0108547
1	5.2788	0.0482362
1	5.20794	-0.173169
1	5.27572	-0.0307912
1	5.27871	-0.0323671
1	5.28019	-0.00761589
1	5.28266	-0.285008
1	5.2756	-0.0485009
1	5.28068	0.0541655
1	5.28201	-0.0054245
1	5.28576	0.00280592
1	5.27356	-0.0445843
1	5.27477	0.0169835
1	5.28221	-0.0532738
1	5.27033	-0.168055
1	5.28184	-0.00915653
1	5.26426	-0.262489
1	5.28112	0.013068
1	5.27811	-0.0123959
1	5.28358	-0.164345
1	5.27926	0.000933373
1	5.27541	0.0646823
1	5.26305	-0.000827608
1	5.2794	-0.0136531
1	5.27913	-0.0226455
1	5.28123	-0.116506
1	5.27562	-0.0652269
1	5.27983	-0.00412056
1	5.28351	0.0528282
1	5.28269	-0.0113713
1	5.28009	0.069227
1	5.27787	-0.119832
1	5.2845	0.0220437
1	5.27606	0.0578067
1	5.27926	-0.0534419
1	5.28055	-0.0331588
1	5.27574	0.049293
1	5.28019	-0.0161892
1	5.27744	0.0064778
1	5.27477	0.0684504
1	5.27043	0.0252326
1	5.28302	0.0932812
1	5.28075	0.0259791
1	5.2695	-0.248224
1	5.27674	0.0796777
1	5.27973	-0.00887609
1	5.22984	-0.200528
1	5.27455	0.05173
1	5.2817	-0.00753013
1	5.28403	-0.128155
1	5.27704	-0.108189
1	5.27457	-0.0345926
1	5.26963	-0.272189
1	5.27489	-0.0233881
1	5.27983	-0.103031
1	5.27495	-0.0133481
1	5.26093	-0.209199
1	5.27932	0.0292314
1	5.28262	0.0487712
1	5.28069	-0.0215883
1	5.27785	0.00786437
1	5.27658	0.0479928
1	5.2759	-0.0473573
1	5.27745	-0.0489729
1	5.27843	-0.0539966
1	5.27909	-0.00165008
1	5.28345	0.0540862
1	5.28068	0.00773784
1	5.27064	-0.0322956
1	5.27436	0.0312063
1	5.27707	-0.0102253
1	5.28061	0.0453691
1	5.27139	-0.122261
1	5.28166	0.0195891
1	5.27537	-0.0479905
1	5.26163	-0.144569
1	5.27907	0.0680357
1	5.27871	-0.0124083
1	5.27232	-0.273077
1	5.28314	0.0988671
1	5.27638	0.0609028
1	5.27406	0.0400892
1	5.23128	-0.115739
1	5.28329	0.00641668
1	5.27702	0.0740109
1	5.28249	-0.0354631
1	5.27028	-0.068257
1	5.28079	-0.00899314
1	5.28089	0.023031
1	5.28031	0.017026
1	5.2811	-0.0956354
1	5.27633	0.00538072
1	5.2796	-0.0283935
1	5.28261	-0.0769867
1	5.27899	-0.0342305
1	5.27823	-0.128395
1	5.27827	0.00163897
1	5.28286	-0.0439255
1	5.28473	-0.289433
1	5.27611	0.0452755
1	5.27846	-0.00785156
1	5.28229	-0.0768086
1	5.28062	0.03712
1	5.27793	-0.0333448
1	5.27703	0.0327605
1	5.24449	-0.212182
1	5.27843	0.0287944
1	5.28515	0.0228477
1	5.28314	-0.0524565
1	5.27883	0.00876968
1	5.27405	0.0114713
1	5.23746	-0.276595
1	5.28186	0.0197135
1	5.27208	0.0411798
1	5.25886	-0.104472
1	5.2775	0.0505744
1	5.28071	-0.251162
1	5.2827	0.116867
1	5.25651	0.222874
1	5.27664	0.015555
1	5.27756	0.0201723
1	5.27577	-0.028209
1	5.27788	-0.00650465
1	5.27671	0.00261854
1	5.27319	-0.249777
1	5.27098	-0.143515
1	5.27782	0.0573104
1	5.27668	-0.0281918
1	5.28042	0.053872
1	5.27664	0.00750062
1	5.20646	-0.055236
1	5.27741	0.0460671
1	5.27444	-0.0888989
1	5.25365	-0.0909691
1	5.28085	0.0517317
1	5.27393	-0.242996
1	5.2447	0.050443
1	5.2166	-0.274657
1	5.27761	0.0604925
1	5.27612	0.021031
1	5.27657	0.0612407
1	5.27798	-0.0467588
1	5.22462	0.0648861
1	5.28071	0.0548015
1	5.2587	-0.286665
1	5.25146	-0.266773
1	5.28403	0.0380106
1	5.27848	0.0104352
1	5.27993	0.0288533
1	5.28379	-0.0140469
1	5.28273	0.00979963
1	5.27696	-0.00128972
1	5.28363	-0.0234021
1	5.27449	0.0223484
1	5.28267	0.02285
1	5.27522	-0.243138
1	5.27623	0.0292453
1	5.27563	-0.0487565
1	5.28426	0.0370015
1	5.27736	0.0384279
1	5.2819	-0.0673581
1	5.27799	-0.168878
1	5.27482	-0.113745
1	5.28144	-0.00868765
1	5.28295	-0.137348
1	5.27664	-0.0111675
1	5.27592	0.00338022
1	5.28246	0.00316721
1	5.2801	-0.000862734
1	5.28186	0.0122752
1	5.27758	-0.0473677
1	5.27843	-0.0265185
1	5.27692	0.031161
1	5.28389	-0.0841024
1	5.28106	-0.01303
1	5.28282	-0.0488016
1	5.27857	0.044909
1	5.28389	-0.10801
1	5.27291	-0.168506
1	5.27396	0.0181921
1	5.2757	-0.0240307
1	5.2768	-0.0526048
1	5.2843	-0.155776
1	5.28204	-0.0109296
1	5.27114	-0.264545
1	5.27253	-0.166997
1	5.26799	-0.282862
1	5.28198	0.0345866
1	5.25867	-0.134444
1	5.2853	-0.126772
1	5.27978	0.00826347
1	5.27549	0.0289829
1	5.26943	0.120761
1	5.27956	0.0308196
1	5.28258	0.000897085
1	5.28022	-0.0124503
1	5.27853	-0.00435903
1	5.27983	0.0491799
1	5.27915	0.0569296
1	5.21689	-0.0553977
1	5.27964	-0.0571284
1	5.28118	0.0321723
1	5.26236	-0.271078
1	5.27794	-0.0392668
1	5.28234	0.0440794
1	5.27627	0.0272496
1	5.28064	0.0143723
1	5.27992	0.00418574
1	5.27499	-0.0558287
1	5.27925	-0.0617966
1	5.2855	0.0547432
1	5.28679	0.0214099
1	5.27912	-0.00167712
1	5.28299	0.0407889
1	5.28182	-0.0307948
1	5.28388	0.0487514
1	5.27336	-0.166169
1	5.27561	0.0235724
1	5.28196	-0.180431
1	5.28396	-0.219338
1	5.27348	-0.00718826
1	5.27507	0.0533564
1	5.27668	0.0446674
1	5.28197	-0.0312955
1	5.27954	-0.0423034
1	5.282	0.00897595
1	5.26738	-0.0920233
1	5.27608	0.0184767
1	5.2815	0.0493802
1	5.27728	0.00445611
1	5.27915	0.0293392
1	5.2846	-0.129463
1	5.28433	0.0745895
1	5.28509	-0.0222941
1	5.27915	-0.0498421
1	5.27564	0.00532392
1	5.2867	-0.224353
1	5.27785	-0.0163586
1	5.27769	-0.0237856
1	5.27829	-0.0097524
1	5.27513	-0.0211698
1	5.28002	0.00332345
1	5.27827	-0.00380091
1	5.27399	-0.0899526
1	5.28213	0.0640619
1	5.2428	-0.228012
1	5.27905	0.051658
1	5.27312	0.0371419
1	5.27791	-0.0305779
1	5.27698	-0.0244901
1	5.27827	-0.000679007
1	5.27828	-0.0302756
1	5.27843	0.00746195
1	5.28314	0.0259776
1	5.28005	-0.147552
1	5.27433	-0.10672
1	5.28114	0.0272422
1	5.28015	0.0428074
1	5.27782	-0.241769
1	5.27994	-0.0947965
1	5.26077	-0.26154
1	5.26436	-0.282926
1	5.28085	0.0845947
1	5.28007	0.0462969
1	5.28256	-0.0313989
1	5.27763	-0.00177495
1	5.27827	-0.0287445
1	5.282	-0.0929096
1	5.27657	0.0534917
1	5.28011	0.00647994
1	5.27671	0.0094299
1	5.28498	-0.156763
1	5.28251	-0.0970387
1	5.27712	-0.00262761
1	5.27931	0.026646
1	5.27197	0.0017543
1	5.27845	-0.0243027
1	5.27369	0.0167599
1	5.27979	0.0484554
1	5.28513	-0.211742
1	5.28214	-0.0145459
1	5.27318	-0.0940338
1	5.27888	0.0359672
1	5.28294	0.0283841
1	5.28224	0.0113004
1	5.27092	-0.112809
1	5.27679	0.0406863
1	5.2605	-0.289278
1	5.28338	0.0109369
1	5.27818	0.0401874
1	5.27382	-0.122815
1	5.28328	-0.0302756
1	5.27866	0.0296504
1	5.27488	0.028236
1	5.27918	-0.00120643
1	5.27979	-0.0557887
1	5.27662	0.00814537
1	5.25745	-0.271584
1	5.27573	0.071697
1	5.28278	0.0506167
1	5.28355	0.0861232
1	5.28347	-0.0176117
1	5.27565	0.0472819
1	5.27142	-0.119314
1	5.23422	-0.252024
1	5.27377	0.0504047
1	5.27869	-0.257142
1	5.27807	-0.00981012
1	5.28172	0.0149934
1	5.28005	-0.0103458
1	5.2722	-0.0875373
1	5.28457	0.00502856
1	5.28048	0.0154616
1	5.28365	-0.0384112
1	5.26284	-0.238392
1	5.28602	-0.0524582
1	5.28211	0.00128858
1	5.28329	0.092765
1	5.28001	-0.000793399
1	5.28254	-0.035383
1	5.28195	0.000653167
1	5.27059	-0.110843
1	5.28268	-0.0296687
1	5.27098	-0.0954409
1	5.23796	0.212007
1	5.2814	0.00495412
1	5.27925	-0.114517
1	5.27627	0.0716505
1	5.28003	0.0359572
1	5.27375	0.00268457
1	5.27151	0.23556
1	5.27532	0.00353192
1	5.27786	0.0362843
1	5.26975	-0.14576
1	5.2763	0.0110707
1	5.27185	-0.120913
1	5.28248	-0.0125017
1	5.27665	-0.243555
1	5.27995	-0.00949115
1	5.26472	-0.11564
1	5.24949	-0.253284
1	5.28145	0.0330565
1	5.2766	-0.023229
1	5.27738	0.115694
1	5.2832	-0.0984094
1	5.2741	-0.0262024
1	5.28207	-0.0103139
1	5.27949	0.00389459
1	5.2787	0.00968098
1	5.27957	0.00963308
1	5.26637	-0.130047
1	5.28286	-0.002697
1	5.27297	-0.0840128
1	5.27139	-0.0690439
1	5.2754	-0.020654
1	5.26868	-0.200544
1	5.2793	0.0158602
1	5.27707	0.012738
1	5.28257	0.0287744
1	5.27718	-0.0293801
1	5.27827	0.0288739
1	5.26866	-0.227678
1	5.2796	-0.0215273
1	5.28222	0.0364755
1	5.27865	0.0539297
1	5.2741	0.00929616
1	5.28103	0.0276919
1	5.28409	0.0299843
1	5.27819	0.0647025
1	5.27338	-0.00578358
1	5.27706	0.0315737
1	5.25027	-0.266606
1	5.27552	0.0606661
1	5.2774	0.0322819
1	5.26985	-0.0520433
1	5.27064	0.142611
1	5.27736	0.0169215
1	5.27733	0.047346
1	5.27383	-0.0829486
1	5.26392	-0.250384
1	5.27848	-0.0469232
1	5.28294	0.0793513
1	5.21867	-0.279724
1	5.28066	0.00404895
1	5.28292	-0.0783485
1	5.28012	0.0152762
1	5.2818	0.00790547
1	5.28052	-0.0186426
1	5.28136	-0.0405407
1	5.27816	0.00899139
1	5.27097	0.0845791
1	5.27696	-0.185493
1	5.27839	-0.0397475
1	5.28433	-0.00555804
1	5.28231	-0.120618
1	5.25084	-0.287851
1	5.23912	-0.101064
1	5.27741	0.00653386
1	5.28003	0.010227
1	5.27559	0.0818997
1	5.27949	0.000649349
1	5.27717	-0.0675058
1	5.27248	-0.0703645
1	5.28174	0.0416159
1	5.28249	0.0167465
1	5.27089	-0.214694
1	5.27824	-0.0269838
1	5.27963	0.00985481
1	5.27268	-0.12461
1	5.27636	-0.2832
1	5.28006	-0.0134787
1	5.27733	0.0336189
1	5.28499	0.0329011
1	5.27709	0.0641549
1	5.28125	0.00319163
1	5.27888	0.0394163
1	5.27893	0.0299441
1	5.25442	-0.113327
1	5.25397	-0.120164
1	5.27668	0.0226844
1	5.27072	0.0757158
1	5.27748	0.0298664
1	5.27769	-0.0707376
1	5.26911	-0.0810324
1	5.28126	0.025484
1	5.28562	-0.137323
1	5.27695	0.0149619
1	5.281	0.0790657
1	5.20641	-0.0593667
1	5.28008	-0.0676738
1	5.2808	-0.088539
1	5.28165	-0.124144
1	5.27919	-0.106455
1	5.27947	0.0395681
1	5.28234	-0.0283144
1	5.24433	-0.165906
1	5.27878	0.0292426
1	5.27775	0.0452392
1	5.28158	-0.0103978
1	5.26958	-0.157911
1	5.28011	0.0165859
1	5.27922	-0.0310456
1	5.27865	-0.0665376
1	5.27431	0.00413192
1	5.27732	0.0401397
1	5.2818	-0.0302837
1	5.2778	-0.0426837
1	5.28336	-0.0354795
1	5.28151	0.059236
1	5.27503	-0.0467174
1	5.2755	0.069974
1	5.27851	0.0224862
1	5.28017	-0.00655785
1	5.27461	-0.0152027
1	5.28579	-0.0552118
1	5.27962	0.0483909
1	5.27719	0.0390513
1	5.28196	0.00989737
1	5.27748	-0.054645
1	5.28037	0.027296
1	5.28029	-0.0523669
1	5.27482	0.0245903
1	5.27914	0.0340297
1	5.27742	0.00903315
1	5.27886	0.0562631
1	5.27658	0.049124
1	5.27716	-0.0242931
1	5.28185	-0.01502
1	5.2629	-0.22297
1	5.27904	-0.07442
2	5.25829	-0.0353926
2	5.22011	-0.161672
2	5.27	0.0219411
2	5.23674	0.0578835
2	5.26589	-0.137846
2	5.22559	-0.0408124
2	5.24985	0.103925
2	5.28723	-0.0824308
2	5.26081	0.0499223
2	5.25419	-0.0889869
2	5.23152	-0.158702
2	5.23791	0.0859484
2	5.28301	-0.197088
2	5.22223	0.002195
2	5.24485	0.184181
2	5.2555	-0.0974262
2	5.24389	-0.294333
2	5.22539	0.157171
2	5.21886	-0.111138
2	5.20732	0.0582877
2	5.25148	0.0983327
2	5.26787	-0.262622
2	5.2595	-0.084821
2	5.24865	-0.295313
2	5.2207	-0.237743
2	5.25826	-0.165803
2	5.20724	-0.148979
2	5.25009	0.1265
2	5.24976	-0.264923
2	5.25635	-0.102204
2	5.27011	-0.0985657
2	5.26797	-0.16436
2	5.23899	-0.127197
2	5.21121	0.104764
2	5.21699	-0.201171
2	5.25664	0.0365907
2	5.28152	-0.283502
2	5.24801	-0.259615
2	5.22281	-0.233427
2	5.22015	-0.265213
2	5.21308	0.247977
2	5.22403	0.249335
2	5.27529	-0.255869
2	5.24123	-0.074332
2	5.22662	0.0722722
2	5.24615	-0.147969
2	5.23304	0.181859
2	5.20098	0.0701985
2	5.25678	0.228857
2	5.25677	-0.0589305
2	5.20838	0.110367
2	5.22528	-0.094496
2	5.22962	0.266634
2	5.28358	-0.00492356
2	5.28535	-0.287571
2	5.26505	-0.0951199
2	5.22015	-0.182481
2	5.28292	-0.282644
2	5.24872	-0.130974
2	5.25677	0.171547
2	5.20673	-0.112002
2	5.23757	-0.297602
2	5.26233	0.26357
2	5.24411	-0.124307
2	5.23139	0.100288
2	5.20315	0.136921
2	5.26794	-0.00251346
2	5.23247	-0.278854
2	5.24568	0.181162
2	5.27155	0.238346
2	5.20592	-0.223279
2	5.22595	-0.0967655
2	5.21055	-0.119041
2	5.25934	-0.00635413
2	5.20391	-0.0695971
2	5.2476	0.180962
2	5.22755	0.199197
2	5.2309	0.215093
2	5.22165	0.223063
2	5.26381	0.237837
2	5.21148	0.24582
2	5.20058	0.298051
2	5.26532	-0.172821
2	5.23658	0.0171302
2	5.22598	-0.0433245
2	5.21035	-0.243409
2	5.23312	0.161521
2	5.21939	0.276228
2	5.27195	-0.0439501
2	5.20948	-0.267694
2	5.24985	-0.20746
2	5.22697	0.298915
2	5.20309	-0.012586
2	5.23246	-0.236147
2	5.22972	-0.135545
2	5.25054	0.0564133
2	5.28151	-0.117032
2	5.26141	-0.295552
2	5.26882	0.214048
2	5.24667	0.0424256
2	5.23123	-0.164278
2	5.267	0.13436
2	5.25182	-0.140393
2	5.26512	0.187375
2	5.27597	-0.20753
2	5.26644	-0.0543025
2	5.23785	-0.0372109
2	5.27273	-0.12649
2	5.26927	-0.0360896
2	5.25366	-0.0840106
2	5.28312	-0.0793866
2	5.23014	0.130464
2	5.26127	-0.0457671
2	5.22132	0.267925
2	5.21186	0.0993086
2	5.22722	0.23955
2	5.24854	0.0567468
2	5.28505	0.13256
2	5.25997	-0.270435
2	5.25672	-0.022982
2	5.23976	0.147928
2	5.21662	-0.246424
2	5.21185	0.0344102
2	5.23613	0.255456
2	5.21027	0.0620859
2	5.22108	-0.261372
2	5.22386	-0.261742
2	5.22148	0.114839
2	5.23959	-0.136121
2	5.25715	-0.0920707
2	5.20058	0.128695
2	5.20509	-0.0307086
2	5.24782	-0.261744
2	5.28133	-0.00546065
2	5.24322	-0.123159
2	5.22525	-0.233412
2	5.22167	-0.289591
2	5.2316	0.0457661
2	5.22244	0.197475
2	5.27342	-0.0395283
2	5.2192	-0.0804575
2	5.23158	-0.157002
2	5.21038	0.160506
2	5.21344	0.0336106
2	5.26936	0.196273
2	5.26778	-0.231324
2	5.22121	-0.287358
2	5.24194	-0.03607
2	5.26724	0.294916
2	5.24986	0.238093
2	5.22033	0.157133
2	5.23998	-0.281061
2	5.21892	0.0328704
2	5.22456	-0.228725
2	5.23264	-0.248797
2	5.26566	0.298385
2	5.28408	-0.170491
2	5.23374	0.151056
2	5.22009	-0.0131273
2	5.22549	0.250095
2	5.20574	-0.141816
2	5.26839	-0.257362
2	5.26059	-0.151142
2	5.25075	-0.221061
2	5.24887	-0.243459
2	5.26056	-0.268016
2	5.20499	0.139619
2	5.24777	0.0710916
2	5.21136	0.222217
2	5.2012	-0.111924
2	5.22709	0.0143502
2	5.24483	0.154272
2	5.21315	0.294353
2	5.21877	0.230125
2	5.22641	-0.248444
2	5.21972	0.0968679
2	5.24947	0.0725685
2	5.23063	0.220477
2	5.20497	0.0860917
2	5.27534	0.0488994
2	5.24437	-0.0917431
2	5.20288	-0.196672
2	5.26844	-0.291976
2	5.25987	-0.226493
2	5.21206	0.259579
2	5.25716	-0.234825
2	5.25565	0.0978288
2	5.24249	-0.285031
2	5.20041	0.199616
2	5.25209	-0.204689
2	5.20089	-0.226971
2	5.2255	0.0768945
2	5.24609	-0.114868
2	5.28022	-0.138133
2	5.24885	-0.177154
2	5.23337	-0.270591
2	5.24984	-0.121
2	5.21623	0.043713
2	5.27464	-0.139126
2	5.25383	-0.0200769
2	5.21007	-0.181257
2	5.23855	-0.106209
2	5.26106	-0.164522
2	5.26479	-0.292165
2	5.254	-0.125248
2	5.23233	-0.165809
2	5.24632	0.04015
2	5.20347	-0.00663193
2	5.28018	0.0402965
2	5.21794	-0.0359423
2	5.24396	-0.0294675
2	5.22152	0.105626
2	5.20907	0.0160681
2	5.26079	-0.289322
2	5.22315	0.175917
2	5.26395	-0.178402
2	5.25645	-0.276662
2	5.2116	-0.104446
2	5.24598	-0.24513
2	5.26471	-0.283459
2	5.27841	-0.0453064
2	5.21591	0.160389
2	5.22045	0.177076
2	5.21347	0.291812
2	5.24779	-0.22343
2	5.24471	0.238869
2	5.23477	-0.247008
2	5.20408	0.292835
2	5.26035	0.101019
2	5.21071	-0.150449
2	5.27562	-0.144276
2	5.20814	0.185133
2	5.24873	-0.111784
2	5.2761	-0.0154138
2	5.2627	0.0287333
2	5.22339	-0.210462
2	5.2014	-0.182856
2	5.21302	-0.257253
2	5.2489	-0.274405
2	5.25178	-0.0949486
2	5.25628	0.215389
2	5.26822	0.0893515
2	5.25872	-0.0933485
2	5.23646	0.0192636
2	5.28764	0.155054
2	5.22057	0.159863
2	5.24235	0.181765
2	5.25562	-0.23012
2	5.24454	-0.242189
2	5.247	0.0474388
2	5.21012	-0.0117561
2	5.28136	-0.154407
2	5.214	-0.123709
2	5.20729	0.29921
2	5.25245	0.012013
2	5.25072	0.26087
2	5.21952	-0.103042
2	5.27831	0.1961
2	5.24779	-0.0912134
2	5.21791	-0.204443
2	5.2188	0.0875228
2	5.20085	-0.0131633
2	5.24286	0.120847
2	5.22959	-0.245021
2	5.25306	0.217613
2	5.21667	0.252192
2	5.23613	0.0341877
2	5.25777	-0.219941
2	5.26215	-0.197469
2	5.28081	0.204654
2	5.27712	-0.0935136
2	5.22918	-0.0991716
2	5.27787	0.0587383
2	5.20482	-0.155967
2	5.20222	-0.281534
2	5.27428	0.171983
2	5.26324	0.0525302
2	5.2287	-0.0617757
2	5.23163	0.250542
2	5.24419	0.118042
2	5.22937	-0.247272
2	5.27217	-0.267896
2	5.27321	-0.254819
2	5.28225	-0.270035
2	5.23467	0.0168099
2	5.24599	-0.0319759
2	5.278	-0.295848
2	5.25579	-0.25679
2	5.27037	0.215929
2	5.22602	-0.0772518
2	5.26946	-0.151916
2	5.22948	0.110674
2	5.22553	0.0184422
2	5.26182	0.192024
2	5.20833	0.0837757
2	5.23489	-0.227795
2	5.27208	0.10741
2	5.26166	0.239753
2	5.26677	0.0522444
2	5.20789	0.162557
2	5.21911	0.210897
2	5.21689	-0.222136
2	5.21331	0.130195
2	5.22173	-0.0729207
2	5.24576	-0.268423
2	5.2252	-0.0601819
2	5.28327	0.0390117
2	5.25046	-0.086796
2	5.22004	-0.161812
2	5.24061	-0.0335162
2	5.22331	0.174347
2	5.25096	-0.118325
2	5.27225	0.14367
2	5.20127	-0.00508541
2	5.24933	0.0619278
2	5.26559	0.198735
2	5.26536	-0.159439
2	5.20951	0.207319
2	5.24797	-0.242964
2	5.22339	0.220499
2	5.21939	-0.280997
2	5.24232	0.275832
2	5.26067	0.153924
2	5.23983	-0.236472
2	5.27748	0.09145
2	5.20244	0.250919
2	5.27702	0.232379
2	5.25679	-0.13456
2	5.27193	0.145695
2	5.2405	0.157808
2	5.24505	0.0445049
2	5.27376	-0.202909
2	5.22612	-0.170096
2	5.20304	-0.116915
2	5.25655	0.111692
2	5.20659	0.0838508
2	5.21782	-0.259782
2	5.20441	-0.17386
2	5.26604	-0.236657
2	5.24693	-0.0287088
2	5.28789	-0.235102
2	5.28197	0.0705221
2	5.20323	-0.102433
2	5.22088	-0.126476
2	5.21197	0.157206
2	5.22235	-0.11575
2	5.21519	0.17781
2	5.25263	-0.255613
2	5.24068	-0.251887
2	5.26024	0.0366299
2	5.2421	0.0963178
2	5.27166	0.155054
2	5.24531	-0.273157
2	5.20964	-0.127101
2	5.2612	-0.0449209
2	5.24425	0.198806
2	5.27175	-0.223166
2	5.22063	-0.29434
2	5.22876	0.275701
2	5.23111	-0.087745
2	5.22888	0.0449858
2	5.23583	0.0101389
2	5.22161	-0.296267
2	5.28857	0.133367
2	5.21844	-0.156415
2	5.27361	0.271459
2	5.2555	0.0829277
2	5.24061	0.0246536
2	5.24807	-0.157386
2	5.22413	0.125188
2	5.21459	0.205225
2	5.25809	-0.0481024
2	5.21465	-0.0985295
2	5.22472	-0.212179
2	5.23314	0.0827387
2	5.20988	0.279212
2	5.2728	0.00540269
2	5.20268	0.218928
2	5.22496	-0.279718
2	5.21026	-0.013965
2	5.27026	0.0530313
2	5.25129	-0.274287
2	5.22787	-0.28853
2	5.2432	-0.00697533
2	5.24311	0.165569
2	5.22003	-0.116449
2	5.23845	-0.173367
2	5.21541	-0.231088
2	5.21011	-0.106759
2	5.24626	-0.196939
2	5.25095	0.0766334
2	5.21295	-0.198066
2	5.23172	-0.217721
2	5.24949	-0.28595
2	5.26598	0.173653
2	5.27458	-0.247728
2	5.21234	-0.27653
2	5.22647	-0.0654787
2	5.21589	-0.137134
2	5.2666	-0.020552
2	5.21771	0.232177
2	5.24866	0.254916
2	5.20279	0.097557
2	5.21171	0.174315
2	5.26856	-0.162334
2	5.25802	0.135923
2	5.24546	-0.0377589
2	5.2188	-0.0406682
2	5.22058	-0.248258
2	5.253	-0.14362
2	5.20237	0.148683
2	5.22129	0.237838
2	5.22256	-0.143098
2	5.23062	0.218624
2	5.2186	0.259807
2	5.23281	-0.242995
2	5.27091	-0.264377
2	5.2378	-0.298157
2	5.21151	-0.249126
2	5.26468	0.248527
2	5.24928	-0.104981
2	5.20792	-0.0456281
2	5.23021	-0.23091
2	5.27938	-0.245496
2	5.25507	-0.26354
2	5.24037	0.196076
2	5.24432	-0.0569216
2	5.25363	0.0607354
2	5.23802	-0.135895
2	5.25125	0.0871222
2	5.20024	-0.234946
2	5.20496	0.00201629
2	5.22222	-0.0904261
2	5.24004	0.118374
2	5.21907	-0.121323
2	5.25376	-0.141223
2	5.27113	-0.0603582
2	5.26327	-0.258644
2	5.27806	-0.100243
2	5.22337	0.212099
2	5.26496	0.214793
2	5.22507	0.203834
2	5.21514	-0.0315954
2	5.25622	0.115599
2	5.25724	-0.235835
2	5.22457	-0.0921472
2	5.2458	-0.092288
2	5.23848	-0.297911
2	5.243	0.040574
2	5.20983	0.221008
2	5.26801	-0.215011
2	5.23226	-0.243691
2	5.24439	-0.262578
2	5.20997	-0.246724
2	5.25494	-0.190004
2	5.21396	-0.134786
2	5.2435	0.0595373
2	5.20293	0.239964
2	5.22519	-0.169198
2	5.26442	0.177398
2	5.24218	-0.216557
2	5.24048	0.154567
2	5.25716	-0.0439631
2	5.27287	0.112887
2	5.25702	-0.217187
2	5.27156	0.203279
2	5.26943	-0.0831643
2	5.23642	0.213085
2	5.25784	0.153056
2	5.27779	-0.0703132
2	5.22969	-0.28016
2	5.27962	0.10017
2	5.26196	-0.0619206
2	5.20651	-0.261937
2	5.21827	-0.00642679
2	5.26491	0.12959
2	5.22433	0.137065
2	5.21622	0.173433
2	5.22025	-0.155765
2	5.22023	-0.155193
2	5.21029	-0.15686
2	5.24024	-0.1229
2	5.20946	-0.0929577
2	5.21993	-0.191988
2	5.21917	0.139315
2	5.28111	0.0337017
2	5.24912	0.0760688
2	5.20668	0.00740269
2	5.23168	0.127614
2	5.26505	-0.076031
2	5.21535	-0.235664
2	5.20692	-0.234484
2	5.22508	-0.181828
2	5.25414	-0.288392
2	5.2387	-0.201696
2	5.22694	-0.265875
2	5.21334	-0.134379
2	5.23926	-0.182407
2	5.22856	-0.0364036
2	5.25273	-0.114356
2	5.2039	0.0196942
2	5.25296	0.181895
2	5.27282	0.151613
2	5.21511	-0.275034
2	5.23841	-0.265166
2	5.26546	0.192759
2	5.20367	-0.105402
2	5.25167	-0.0107863
2	5.25166	-0.0988087
2	5.25241	-0.0476591
2	5.20831	-0.251956
2	5.2164	0.0903374
2	5.24675	-0.189289
2	5.208	-0.028455
2	5.27878	0.209586
2	5.27683	-0.25914
2	5.20388	-0.15942
2	5.28136	-0.149712
2	5.25071	-0.113763
2	5.26144	-0.24116
2	5.22896	-0.126669
2	5.23279	0.262787
2	5.20408	-0.19367
2	5.2276	0.000637858
2	5.26526	-0.0748422
2	5.24552	-0.295183
2	5.2533	-0.0152421
2	5.25626	0.0441341
2	5.24396	-0.015609
2	5.20741	-0.168675
2	5.23375	-0.271528
2	5.26406	-0.0922367
2	5.27077	-0.133557
2	5.22597	0.207805
2	5.20686	-0.222532
2	5.2639	-0.161582
2	5.27092	-0.259824
2	5.27595	0.115908
2	5.22992	0.00737054
2	5.2072	0.0520073
2	5.25858	0.0821057
2	5.22613	-0.203482
2	5.22755	-0.0655845
2	5.22693	-0.235262
2	5.23019	-0.0207939
2	5.27717	-0.259547
2	5.23247	0.235759
2	5.20115	0.031632
2	5.25432	-0.160237
2	5.22135	-0.024786
2	5.23742	0.0404024
2	5.25061	0.016277
2	5.25467	0.0889127
2	5.2161	-0.269264
2	5.24262	-0.19806
2	5.21751	-0.277235
2	5.28445	-0.292159
2	5.20572	0.046082
2	5.23108	0.165844
2	5.28505	0.280241
2	5.21811	0.129895
2	5.20366	-0.174934
2	5.2107	-0.12166
2	5.26818	-0.0827038
2	5.22011	-0.0252894
2	5.25185	-0.238498
2	5.26111	-0.298057
2	5.25166	0.231109
2	5.23822	-0.067667
2	5.23359	-0.174131
2	5.24153	-0.0211845
2	5.21297	-0.202806
2	5.28393	-0.126346
2	5.20816	-0.0963
2	5.23368	0.206639
2	5.2713	0.120839
2	5.20276	0.0115494
2	5.25144	-0.126703
2	5.2711	-0.153547
2	5.25069	-0.0362387
2	5.22579	-0.205884
2	5.21427	-0.0580247
2	5.25588	0.25309
2	5.21447	0.00470157
2	5.28744	-0.152607
2	5.27314	-0.25091
2	5.24664	-0.0725358
2	5.26353	-0.287216
2	5.26948	0.16064
2	5.20109	-0.200574
2	5.23057	0.0277126
2	5.24995	0.169983
2	5.23401	0.00680492
2	5.24501	-0.290551
2	5.21718	-0.0175276
2	5.20537	0.173274
2	5.2336	0.0998588
2	5.20485	0.0246523
2	5.23003	-0.25323
2	5.27907	0.131129
2	5.26263	0.0636097
2	5.24834	-0.0621012
2	5.22826	-0.225463
2	5.22689	-0.0178887
2	5.26466	-0.0201448
2	5.24798	-0.148096
2	5.26463	0.279008
2	5.23709	-0.216602
2	5.26286	0.0232383
2	5.2226	0.0764314
2	5.24816	0.00392754
2	5.21432	-0.0169444
2	5.23536	0.0729591
2	5.26179	-0.210545
2	5.26769	-0.0457064
2	5.26915	0.0452459
2	5.24763	0.221671
2	5.24263	0.0827786
2	5.20105	-0.264043
2	5.25184	-0.0848387
2	5.25599	0.136888
2	5.27417	-0.217792
2	5.2166	0.122183
2	5.21808	0.166708
2	5.24391	-0.0767587
2	5.21281	-0.0495596
2	5.21253	-0.244907
2	5.21925	0.0495239
2	5.25507	-0.0415783
2	5.2094	0.260334
2	5.24075	-0.197323
2	5.27437	0.213352
2	5.2077	-0.0290319
2	5.21418	0.12976
2	5.22653	0.285949
2	5.25015	0.0955568
2	5.25529	-0.0614585
2	5.2842	-0.248795
2	5.28368	-0.107291
2	5.23966	-0.0242401
2	5.27985	-0.0119298
2	5.23673	-0.207188
2	5.27168	0.0959402
2	5.23119	0.0520914
2	5.28069	-0.0759066
2	5.24129	0.0817995
2	5.24217	0.136881
2	5.25647	0.22518
2	5.25083	-0.0626962
2	5.23694	0.0455583
2	5.21053	0.0829014
2	5.24985	0.0970837
2	5.26893	-0.140844
2	5.2512	-0.00428067
2	5.2664	-0.24936
2	5.24033	0.0828415
2	5.21829	-0.0918199
2	5.2194	0.280594
2	5.27057	-0.285829
2	5.27155	-0.0682233
2	5.24097	0.0729037
2	5.25172	-0.237506
2	5.22589	-0.275095
2	5.25354	-0.270473
2	5.24504	-0.0638146
2	5.2627	0.0328756
2	5.28493	0.000580681
2	5.21392	0.281672
2	5.25338	0.10089
2	5.20203	-0.149303
2	5.24441	-0.151115
2	5.23532	-0.0260539
2	5.23818	0.0669615
2	5.22509	-0.262595
2	5.20378	-0.208045
2	5.22931	0.116269
2	5.27309	0.0689939
2	5.20833	-0.0220884
2	5.21693	0.0977764
2	5.2666	0.056175
2	5.2422	0.00760224
2	5.2519	-0.28871
2	5.2398	-0.296914
2	5.21277	0.17929
2	5.25352	0.044215
2	5.22174	-0.202215
2	5.22277	-0.284702
2	5.27913	-0.0642408
2	5.28825	0.100032
2	5.21275	-0.259378
2	5.25741	0.11968
2	5.23058	0.291552
2	5.24446	0.218214
2	5.27777	-0.11759
2	5.22028	-0.00759282
2	5.27687	-0.172699
2	5.25142	-0.111609
2	5.22017	-0.0262062
2	5.22256	-0.106529
2	5.23021	0.00685443
2	5.23493	-0.0963963
2	5.23068	-0.209282
2	5.2294	-0.27808
2	5.23956	-0.231982
2	5.2476	-0.0238848
2	5.25189	0.101468
2	5.23831	0.0295319
2	5.20629	-0.282459
2	5.25808	-0.102819
2	5.26633	-0.271925
2	5.21024	-0.200734
2	5.22547	0.0121797
2	5.21002	-0.247824
2	5.2171	0.0671048
2	5.28877	-0.208496
2	5.25281	-0.159968
2	5.21119	-0.282977
2	5.23851	-0.11707
2	5.20556	0.2971
2	5.23628	0.286393
2	5.22907	-0.270008
2	5.23617	-0.126369
2	5.26892	-0.0851017
2	5.20369	-0.183319
2	5.23434	0.221269
2	5.27494	-0.147517
2	5.28477	-0.264445
2	5.27595	0.101393
2	5.26919	0.0405558
2	5.24492	0.0526544
2	5.24639	-0.294488
2	5.24016	0.0068065
2	5.28011	-0.0289324
2	5.24949	-0.278619
2	5.20257	-0.0256938
2	5.20733	-0.184923
2	5.2795	0.0748968
2	5.20126	0.2942
2	5.23485	0.113544
2	5.22896	0.13767
2	5.21829	-0.118443
2	5.24647	-0.0604641
2	5.25874	-0.215208
2	5.21104	-0.0384293
2	5.22406	-0.260622
2	5.2336	-0.100888
2	5.2484	0.147307
2	5.20007	-0.207528
2	5.24339	-0.220956
2	5.21964	-0.130067
2	5.27052	-0.159666
2	5.24975	0.0720522
2	5.26161	-0.180799
2	5.21996	-0.253295
2	5.27365	-0.211727
2	5.28453	-0.295129
2	5.20981	0.160672
2	5.22811	0.139037
2	5.20582	-0.20704
2	5.21197	-0.180532
2	5.27805	0.0805349
2	5.28116	-0.282195
2	5.21075	-0.0032429
2	5.26122	-0.181118
2	5.20151	-0.130885
2	5.22286	-0.242408
2	5.24531	-0.218238
2	5.2455	-0.273908
2	5.26273	-0.262662
2	5.27154	-0.195274
2	5.21584	-0.259314
2	5.2699	-0.29356
2	5.26435	0.236172
2	5.20031	-0.162207
2	5.21357	0.28277
2	5.23761	-0.173962
2	5.2587	-0.230235
2	5.26323	-0.24675
2	5.27101	0.233792
2	5.24397	-0.0026442
2	5.21245	-0.0312805
2	5.21609	-0.146781
2	5.27743	0.0542471
2	5.26401	-0.032836
2	5.20956	0.0550053
2	5.27237	-0.181527
2	5.25221	0.123357
2	5.20742	0.118093
2	5.22904	-0.130313
2	5.25091	-0.151161
2	5.20282	0.149994
2	5.22165	-0.171296
2	5.27566	-0.178559
2	5.21857	0.0472736
2	5.20219	-0.0114598
2	5.21175	0.0968024
2	5.21207	-0.258481
2	5.22875	-0.0613949
2	5.23516	-0.298338
2	5.21504	0.156978
2	5.21813	0.0734539
2	5.27711	0.0966681
2	5.22396	0.153135
2	5.20977	0.00039234
2	5.21286	0.0901822
2	5.24222	-0.162651
2	5.2121	0.0908767
2	5.26767	0.00888095
2	5.20776	-0.20885
2	5.20618	0.154268
2	5.26352	0.124542
2	5.26075	-0.125039
2	5.27204	-0.0249831
2	5.2562	-0.0822389
2	5.23019	0.0757801
2	5.23801	0.0276226
2	5.23445	-0.057903
2	5.21947	0.0734974
2	5.22054	0.0781855
2	5.27185	0.150015
2	5.22452	-0.099199
2	5.26492	0.193088
2	5.25121	-0.217874
2	5.23009	-0.184369
2	5.24791	-0.122883
2	5.25263	0.0895815
2	5.21659	0.110624
2	5.271	0.0720743
2	5.21935	0.218066
2	5.20798	-0.282842
2	5.2682	0.0072892
2	5.25032	-0.127933
2	5.27299	0.180088
2	5.25447	-0.0765556
2	5.25527	0.0871813
2	5.26464	-0.0768485
2	5.23916	-0.239726
2	5.27976	0.0915591
2	5.26247	-0.141545
2	5.24423	0.161652
2	5.2673	-0.151375
2	5.22186	0.242072
2	5.26136	0.0989971
2	5.26708	-0.18561
2	5.22532	0.117604
2	5.26135	0.131654
2	5.26809	-0.240537
2	5.24076	-0.0050363
2	5.26003	-0.292708
2	5.20484	-0.0542916
2	5.27326	-0.120359
2	5.23172	-0.282123
2	5.227	-0.105548
2	5.25176	-0.10902
2	5.20718	-0.0507449
2	5.22312	0.294114
2	5.2586	0.128163
2	5.21943	0.296058
2	5.23116	0.231499
2	5.28499	-0.0841843
2	5.21477	-0.0932552
2	5.21727	0.0391464
2	5.24235	0.136014
2	5.24867	0.135532
2	5.22672	-0.151384
2	5.21664	-0.247053
2	5.26321	-0.219962
2	5.2164	-0.0874245
2	5.24316	-0.195463
2	5.2363	0.260685
2	5.24447	-0.0700256
2	5.26441	0.291815
2	5.20598	0.0366273
2	5.24638	-0.0927605
2	5.20689	0.298598
2	5.25754	0.119677
2	5.28767	0.0850588
2	5.20228	-0.149207
2	5.23428	0.206971
2	5.23242	0.118931
2	5.22213	-0.261994
2	5.26519	0.25292
2	5.24643	-0.119477
2	5.23966	-0.154281
2	5.28243	0.105006
2	5.2679	0.190966
2	5.22313	0.272467
2	5.23409	0.130547
2	5.23491	-0.244698
2	5.24658	0.299397
2	5.20799	-0.297744
2	5.23369	0.057922
2	5.27967	0.110422
2	5.20368	-0.246322
2	5.23727	-0.0292231
2	5.27074	0.198666
2	5.27312	-0.151363
2	5.25231	-0.0258934
2	5.21999	-0.1271
2	5.26767	0.0866543
2	5.23523	-0.176181
2	5.27655	0.00199572
2	5.25164	0.186957
2	5.24429	0.129159
2	5.2098	-0.138257
2	5.26256	0.117535
2	5.20258	-0.0985373
2	5.27632	0.204199
2	5.28016	0.210233
2	5.27426	-0.25312
2	5.25381	-0.085068
2	5.21858	0.211742
2	5.20313	-0.0780085
2	5.27338	-0.271307
2	5.25359	-0.175318
2	5.27254	-0.0230642
2	5.21707	-0.0967657
2	5.22067	0.0975603
2	5.20391	-0.209404
2	5.26169	-0.239728
2	5.24692	-0.179116
2	5.22628	0.196599
2	5.28323	-0.125921
2	5.28184	0.280135
2	5.2459	-0.0668273
2	5.2769	-0.207733
2	5.26295	0.121227
2	5.23643	0.147559
2	5.22205	-0.125738
2	5.2142	-0.207194
2	5.22123	0.0973443
2	5.28207	0.285883
2	5.25218	-0.221533
2	5.27237	-0.242537
2	5.26386	-0.0790265
2	5.22555	-0.021394
2	5.2399	0.282937
2	5.25513	-0.167565
2	5.26669	-0.105568
2	5.22442	-0.277309
2	5.23605	-0.0778775
2	5.26084	-0.0184604
2	5.26685	-0.198903
2	5.20382	-0.00158392
2	5.26546	-0.17815
2	5.27746	-0.269034
2	5.23818	0.271891
2	5.22596	0.210181
2	5.24158	0.00410629
2	5.20294	-0.103674
2	5.24524	0.297642
2	5.24408	0.213482
2	5.27824	-0.2584
2	5.23413	-0.299687
2	5.27034	0.0578312
2	5.27184	-0.139833
2	5.27433	-0.230417
2	5.22937	0.0990929
2	5.22197	-0.149984
2	5.23296	0.153361
2	5.28105	-0.215548
2	5.23213	-0.22179
2	5.22955	-0.140362
2	5.23562	-0.0450891
2	5.23545	0.069623
2	5.25859	0.0985136
2	5.22526	-0.264354
2	5.26619	-0.185105
2	5.2681	-0.14707
2	5.22296	0.0162878
2	5.24457	-0.122185
2	5.23294	-0.0253135
2	5.24612	-0.280694
2	5.25343	0.200061
2	5.21009	-0.151147
2	5.27433	-0.0673115
2	5.25916	0.052857
2	5.22407	-0.286246
2	5.26325	-0.133022
2	5.21761	-0.199051
2	5.25455	0.0758613
2	5.23333	0.259844
2	5.2658	-0.116679
2	5.22886	-0.276294
2	5.24557	0.236082
2	5.25625	-0.256785
2	5.24799	-0.0832067
2	5.27973	-0.161924
2	5.24763	0.0227624
2	5.24138	0.0753643
2	5.20231	-0.124216
2	5.20951	0.170079
2	5.25022	-0.140069
2	5.22907	0.0886109
2	5.21596	-0.0307216
2	5.28007	0.0359067
2	5.26363	0.220249
2	5.22426	-0.109888
2	5.2481	0.0133192
2	5.26895	-0.0155297
3	5.27299	-0.0828064
3	5.24392	-0.252353
3	5.22811	-0.288492
3	5.23781	-0.16513
3	5.24782	0.0342418
3	5.21116	0.0431717
3	5.20778	-0.218919
3	5.21088	-0.248818
3	5.22524	0.178338
3	5.23334	-0.0765483
3	5.20701	-0.283259
3	5.22084	-0.102685
3	5.26044	-0.255263
3	5.25749	-0.0488679
3	5.20244	0.253419
3	5.20807	-0.281923
3	5.25229	0.222575
3	5.23856	-0.155797
3	5.27766	-0.188637
3	5.2478	-0.116266
3	5.22614	-0.290809
3	5.28327	0.136649
3	5.21694	-0.257321
3	5.24302	0.171211
3	5.21437	-0.251648
3	5.24065	-0.163665
3	5.27794	-0.107722
3	5.26532	-0.194208
3	5.27626	0.167023
3	5.25869	-0.156614
3	5.21358	-0.136772
3	5.24593	-0.295747
3	5.21709	-0.202987
3	5.28208	-0.187067
3	5.21324	-0.151639
3	5.21635	0.199113
3	5.21295	0.0121522
3	5.21689	-0.262113
3	5.21984	-0.121392
3	5.2182	-0.138255
3	5.23146	0.0539338
3	5.28513	-0.0160473
3	5.27876	-0.172387
3	5.25084	-0.246881
3	5.24699	0.20018
3	5.20482	-0.0654593
3	5.20107	-0.0131923
3	5.2782	-0.128966
3	5.20104	-0.228411
3	5.22423	-0.120642
3	5.2645	-0.295887
3	5.26904	-0.26751
3	5.23823	-0.136023
3	5.22563	-0.131657
3	5.2708	0.22405
3	5.27189	0.256057
3	5.23279	-0.140068
3	5.21528	-0.245232
3	5.21255	0.0479894
3	5.26222	0.218305
3	5.25075	-0.229814
3	5.24114	0.0452193
3	5.22505	-0.0784628
3	5.22163	0.0589487
3	5.24707	0.167436
3	5.20676	-0.118237
3	5.23441	0.193381
3	5.24973	-0.167041
3	5.25915	0.0463442
3	5.24755	-0.28674
3	5.25446	-0.142453
3	5.21472	-0.251366
3	5.20715	0.272871
3	5.21683	0.130245
3	5.22952	-0.282067
3	5.20172	-0.11194
3	5.26565	-0.0897679
3	5.24851	-0.106813
3	5.22035	-0.265193
3	5.23344	-0.223331
3	5.26109	-0.158208
3	5.24655	-0.0439003
3	5.20816	-0.0142087
3	5.25525	-0.0522568
3	5.2278	-0.167938
3	5.26462	-0.248702
3	5.24112	0.246787
3	5.20229	0.00553984
3	5.22576	-0.166445
3	5.22994	-0.197634
3	5.26379	-0.204017
3	5.23095	0.291658
3	5.22952	0.0227425
3	5.23577	-0.234547
3	5.22112	0.0884404
3	5.22468	-0.125546
3	5.20042	-0.197203
3	5.24707	0.0255877
3	5.27211	0.256666
3	5.26698	-0.132831
3	5.22954	-0.0594693
3	5.27172	-0.055151
3	5.27827	0.10048
3	5.28708	0.261105
3	5.27223	0.152187
3	5.23468	-0.113131
3	5.24918	0.230259
3	5.22759	0.0738858
3	5.26627	-0.203534
3	5.28008	-0.243828
3	5.20583	-0.275494
3	5.24899	-0.118087
3	5.23156	-0.129228
3	5.25851	-0.198797
3	5.22166	0.25832
3	5.23358	-0.241842
3	5.23432	-0.244735
3	5.27258	-0.201789
3	5.2251	0.203133
3	5.26312	0.228757
3	5.2098	0.157839
3	5.25754	0.180026
3	5.26342	0.161739
3	5.23326	-0.203378
3	5.2159	0.270929
3	5.27772	-0.282678
3	5.23535	0.258641
3	5.24214	0.270836
3	5.27861	-0.102018
3	5.24391	0.116981
3	5.2148	-0.0493765
3	5.20221	-0.157632
3	5.27	-0.127708
3	5.21668	-0.0722889
3	5.2389	-0.28935
3	5.24453	-0.16904
3	5.2741	-0.105044
3	5.24873	-0.274759
3	5.24623	-0.0901064
3	5.26205	-0.111334
3	5.25403	0.024892
3	5.24528	0.224472
3	5.22754	-0.0813565
3	5.21928	0.279425
3	5.20928	-0.262905
3	5.22201	0.0401866
3	5.2655	0.286373
3	5.22396	0.011351
3	5.20332	-0.0106736
3	5.28248	-0.112482
3	5.21462	-0.102907
3	5.27152	-0.0216681
3	5.23161	0.048373
3	5.21186	-0.272903
3	5.26386	-0.137718
3	5.27385	-0.243533
3	5.2013	-0.263636
3	5.20463	0.217563
3	5.24458	-0.24379
3	5.27013	-0.280984
3	5.20841	0.00570722
3	5.24671	-0.219734
3	5.21775	-0.248929
3	5.27996	-0.0116933
3	5.23203	-0.183451
3	5.21301	0.227026
3	5.25265	0.279758
3	5.229	0.217158
3	5.20915	-0.200921
3	5.2523	-0.281204
3	5.2554	-0.0543902
3	5.22903	-0.0284093
3	5.22631	-0.196627
3	5.22951	-0.191693
3	5.24524	-0.00605113
3	5.22076	0.0263018
3	5.20428	-0.207064
3	5.24191	0.0787695
3	5.21098	-0.00277223
3	5.25085	0.0282022
3	5.26417	-0.257473
3	5.20296	-0.274185
3	5.28062	-0.199421
3	5.22342	0.274712
3	5.20265	-0.0327254
3	5.22391	-0.105822
3	5.21446	-0.273546
3	5.21841	-0.0702847
3	5.23543	0.298964
3	5.2708	-0.238555
3	5.21486	-0.0736627
3	5.21936	0.218675
3	5.22057	-0.274551
3	5.28589	-0.238423
3	5.24545	-0.21442
3	5.21211	-0.240028
3	5.25811	-0.264573
3	5.269	-0.0616025
3	5.27011	-0.295466
3	5.22945	0.0141775
3	5.22117	-0.244167
3	5.20229	-0.113114
3	5.22369	-0.26054
3	5.22277	-0.0353906
3	5.23246	-0.113656
3	5.20718	-0.0665435
3	5.274	0.19365
3	5.21904	0.252819
3	5.22335	-0.0470997
3	5.22691	-0.16132
3	5.27414	-0.152865
3	5.26355	-0.216276
3	5.22569	0.0156571
3	5.23248	-0.0673966
3	5.20347	-0.188385
3	5.26019	-0.0213159
3	5.23305	-0.0777429
3	5.26502	-0.0106076
3	5.24282	-0.234478
3	5.26924	-0.074481
3	5.2251	-0.0108552
3	5.22585	-0.0277363
3	5.23495	-0.142994
3	5.2242	-0.053617
3	5.24805	0.0757692
3	5.22695	0.0786601
3	5.2526	0.22108
3	5.2335	0.24377
3	5.27511	-0.0552377
3	5.24145	-0.173107
3	5.22189	-0.294147
3	5.218	-0.16804
3	5.27364	-0.0235832
3	5.28156	0.0993406
3	5.23224	-0.160121
3	5.26131	0.298416
3	5.24746	-0.00029362
3	5.23146	0.196785
3	5.21134	-0.259022
3	5.22647	0.00711875
3	5.21593	0.018337
3	5.21345	-0.192814
3	5.26261	-0.284551
3	5.25224	0.182402
3	5.20994	-0.107593
3	5.20142	-0.21169
3	5.26865	-0.127381
3	5.27732	-0.178589
3	5.22225	-0.285729
3	5.26841	0.118412
3	5.27069	0.0648513
3	5.22413	-0.266797
3	5.24378	0.280236
3	5.28088	-0.237039
3	5.22974	-0.0377619
3	5.2685	-0.230663
3	5.232	-0.141391
3	5.23872	-0.203996
3	5.21437	0.106597
3	5.27814	-0.212808
3	5.21471	-0.096685
3	5.22319	0.252262
3	5.23305	-0.291312
3	5.27392	-0.0267979
3	5.22955	0.167327
3	5.24699	0.0262096
3	5.24189	0.193754
3	5.24491	-0.269302
3	5.23917	-0.230921
3	5.24422	-0.00207805
3	5.2809	-0.193101
3	5.22832	-0.117297
3	5.27819	-0.0943596
3	5.27466	-0.102859
3	5.23857	-0.183908
3	5.22786	-0.258892
3	5.27847	0.156358
3	5.2452	0.0657565
3	5.24168	-0.039154
3	5.27307	0.122834
3	5.23663	-0.241573
3	5.22817	-0.0881499
3	5.21848	0.231279
3	5.23374	-0.0499518
3	5.23606	-0.0411468
3	5.24237	0.00373535
3	5.22498	-0.248304
3	5.21443	-0.292647
3	5.2161	0.0223012
3	5.21589	-0.119708
3	5.21106	-0.282044
3	5.225	-0.0475581
3	5.20509	-0.284392
3	5.24094	-0.280045
3	5.21335	0.0565715
3	5.23701	-0.263292
3	5.24819	0.0843525
3	5.20604	0.109096
3	5.25272	-0.280575
3	5.21682	-0.0436498
3	5.21569	-0.114628
3	5.21272	0.250687
3	5.27163	-0.0568988
3	5.26361	-0.282098
3	5.22423	-0.0908704
3	5.283	0.122895
3	5.28587	0.213094
3	5.24834	-0.14673
3	5.22754	0.164911
3	5.2692	-0.254195
3	5.22772	-0.280733
3	5.22766	-0.236039
3	5.27997	-0.184288
3	5.27212	-0.163326
3	5.28334	-0.0328979
3	5.28176	0.27642
3	5.21703	0.0708001
3	5.23179	0.157416
3	5.2277	-0.0488102
3	5.23464	-0.180781
3	5.24207	-0.0948454
3	5.27959	0.210701
3	5.20521	0.277375
3	5.23584	-0.113129
3	5.23413	-0.231567
3	5.28428	0.0994637
3	5.23165	-0.0286744
3	5.27652	-0.259104
3	5.2639	-0.237158
3	5.28139	-0.107903
3	5.28323	-0.206081
3	5.23818	-0.24532
3	5.22548	0.0209827
3	5.22402	0.217542
3	5.2553	-0.145178
3	5.2585	-0.169769
3	5.22928	-0.205284
3	5.24322	-0.0123168
3	5.26777	-0.0277664
3	5.22304	-0.0156724
3	5.20051	0.0735182
3	5.25359	-0.217465
3	5.23443	-0.0678617
3	5.22766	0.174038
3	5.27941	0.19165
3	5.20606	-0.215544
3	5.20753	-0.270244
3	5.25837	-0.177739
3	5.21891	-0.165655
3	5.20993	0.192948
3	5.2348	-0.226038
3	5.25499	-0.0652058
3	5.23851	0.105382
3	5.2225	-0.161041
3	5.23545	-0.216833
3	5.21144	-0.209057
3	5.27365	0.00323103
3	5.20028	-0.253392
3	5.26696	-0.0549887
3	5.23511	-0.28894
3	5.25975	-0.2772
3	5.28109	-0.170696
3	5.24291	-0.1701
3	5.21704	0.214497
3	5.23921	0.138311
3	5.20699	-0.0932381
3	5.28517	-0.153548
3	5.21294	-0.297664
3	5.25246	-0.129428
3	5.20625	-0.290067
3	5.24213	0.245484
3	5.26858	0.174912
3	5.2109	-0.181912
3	5.20642	-0.240877
3	5.20436	-0.265529
3	5.21049	0.246145
3	5.24149	0.00479443
3	5.23454	0.0476537
3	5.24364	-0.276543
3	5.2015	-0.11853
3	5.21357	-0.18107
3	5.22093	-0.22001
3	5.2186	-0.08633
3	5.23368	0.00737962
3	5.21005	-0.0544049
3	5.20384	-0.0462892
3	5.22382	0.25342
3	5.2715	-0.293689
3	5.27543	-0.262644
3	5.23766	0.147189
3	5.26574	0.18871
3	5.24125	0.114549
3	5.26111	0.0628469
3	5.24034	0.110422
3	5.22539	-0.266108
3	5.20753	0.0888508
3	5.20303	-0.21833
3	5.21383	-0.168288
3	5.22377	-0.245646
3	5.25276	-0.106576
3	5.24393	-0.176775
3	5.23078	-0.0447333
3	5.21191	-0.153613
3	5.2059	-0.105442
3	5.24603	-0.0271752
3	5.24342	0.123194
3	5.24742	-0.0999203
3	5.26737	-0.0271204
3	5.26833	0.0601757
3	5.20549	-0.0990869
3	5.26106	-0.00625556
3	5.2749	0.227834
3	5.22657	-0.296351
3	5.26373	-0.0816307
3	5.26722	-0.122052
3	5.22404	0.228685
3	5.24574	0.0746986
3	5.23937	-0.164476
3	5.20314	0.139241
3	5.22636	-0.282233
3	5.2785	0.0353837
3	5.26384	0.148041
3	5.2612	-0.227832
3	5.28669	0.131511
3	5.28029	-0.022036
3	5.24725	0.202412
3	5.27349	-0.201534
3	5.20997	-0.173142
3	5.24743	-0.0558121
3	5.28244	-0.0427609
3	5.25252	-0.156474
3	5.21206	-0.266693
3	5.28576	-0.215008
3	5.22626	-0.0154022
3	5.23315	0.0805134
3	5.26561	-0.276396
3	5.23887	0.143288
3	5.25105	-0.0474776
3	5.22116	0.0170508
3	5.22386	-0.173586
3	5.24197	-0.0570232
3	5.21363	0.000198748
3	5.2335	-0.291441
3	5.23331	0.0723686
3	5.22388	-0.171346
3	5.20184	0.0374567
3	5.20598	-0.266444
3	5.22866	0.0537145
3	5.22007	0.0381213
3	5.22477	0.228679
3	5.25976	-0.203693
3	5.22692	-0.0195296
3	5.24812	-0.0589315
3	5.22481	-0.0429693
3	5.26391	0.0159145
3	5.27323	-0.296064
3	5.25917	-0.192662
3	5.22256	0.0141061
3	5.28072	-0.277267
3	5.27614	0.227053
3	5.26364	0.109835
3	5.23493	0.0866216
3	5.2445	-0.0667621
3	5.2129	-0.0633339
3	5.20665	-0.265253
3	5.21304	0.156884
3	5.20854	0.0801179
3	5.21645	-0.144268
3	5.22385	-0.266146
3	5.22414	-0.0533138
3	5.22316	-0.297329
3	5.23103	-0.226294
3	5.20623	-0.166974
3	5.28133	-0.249145
3	5.25587	-0.172987
3	5.20291	0.155594
3	5.21669	-0.0183521
3	5.24584	-0.16612
3	5.27533	0.233711
3	5.20826	0.117943
3	5.24805	-0.00682197
3	5.21633	-0.0331504
3	5.24091	-0.104416
3	5.25794	0.0115983
3	5.26097	0.0570038
3	5.20266	-0.274393
3	5.2209	-0.0265316
3	5.22278	-0.116595
3	5.27427	-0.239688
3	5.24739	-0.185899
3	5.28014	-0.0672535
3	5.2298	-0.0643206
3	5.25299	-0.196968
3	5.23798	-0.0108624
3	5.23286	0.181134
3	5.25275	-0.196299
3	5.20772	-0.0233302
3	5.23921	0.284542
3	5.23132	0.00148392
3	5.24661	0.199096
3	5.25782	-0.18793
3	5.23978	0.20227
3	5.2134	-0.119626
3	5.27133	-0.0799304
3	5.24102	-0.0611013
3	5.27132	-0.153623
3	5.27145	0.15518
3	5.26256	-0.232794
3	5.24326	0.0390118
3	5.232	-0.0105961
3	5.24468	-0.294689
3	5.21253	0.0773877
3	5.26571	0.0355192
3	5.23733	-0.155727
3	5.20875	-0.128147
3	5.22776	0.0779633
3	5.26218	-0.0931499
3	5.281	0.118343
3	5.21407	-0.107309
3	5.22861	-0.201273
3	5.20067	-0.0943552
3	5.2271	0.144876
3	5.25579	-0.187805
3	5.23996	0.217572
3	5.22347	-0.167627
3	5.23245	-0.101468
3	5.20102	0.0174249
3	5.24974	-0.261704
3	5.26072	0.0951954
3	5.2267	-0.221666
3	5.23548	-0.0200497
3	5.23433	-0.225472
3	5.26147	-0.129478
3	5.23503	0.0725507
3	5.25446	-0.00817457
3	5.28211	0.181339
3	5.2882	0.200653
3	5.27148	-0.016852
3	5.20628	0.293027
3	5.24276	0.064954
3	5.25593	0.0610477
3	5.26476	-0.295579
3	5.21581	-0.109109
3	5.24733	0.216151
3	5.21363	0.155552
3	5.20106	-0.022194
3	5.24268	0.256038
3	5.22919	0.172899
3	5.28631	-0.0355934
3	5.2733	-0.230019
3	5.26248	-0.0124829
3	5.27619	0.20293
3	5.24081	-0.214418
3	5.22972	-0.131996
3	5.21535	-0.248716
3	5.26996	0.202541
3	5.21092	-0.035216
3	5.23539	0.259242
3	5.25006	0.00145356
3	5.2712	-0.269659
3	5.26618	-0.299163
3	5.24221	-0.0679228
3	5.27916	-0.0156373
3	5.27366	0.225761
3	5.20261	0.0442062
3	5.25925	-0.162302
3	5.23926	0.158301
3	5.26313	-0.00226643
3	5.26359	-0.118226
3	5.27322	0.111173
3	5.23651	0.0425685
3	5.24173	-0.292914
3	5.25277	-0.246362
3	5.28375	0.0599558
3	5.25655	-0.0356769
3	5.24032	0.0791057
3	5.26722	0.0537495
3	5.24615	-0.215599
3	5.20452	0.0376723
3	5.28014	-0.0700558
3	5.20637	0.0199098
3	5.24367	-0.138965
3	5.27267	0.296666
3	5.25951	0.295673
3	5.26486	-0.239564
3	5.21228	-0.137621
3	5.2779	0.159714
3	5.23164	-0.0178434
3	5.23707	0.187184
3	5.24764	-0.102398
3	5.22427	-0.203223
3	5.21207	0.135496
3	5.27376	-0.0559609
3	5.21203	0.266616
3	5.21546	0.0218607
3	5.26315	0.152014
3	5.20001	-0.213003
3	5.26182	-0.0295182
3	5.20072	0.26673
3	5.24385	0.0884177
3	5.24065	-0.260077
3	5.2405	0.242004
3	5.27563	-0.194039
3	5.25174	-0.23464
3	5.27371	0.203517
3	5.23603	-0.293074
3	5.22592	0.188464
3	5.24192	0.100524
3	5.24754	-0.185876
3	5.21927	0.267945
3	5.24352	-0.196707
3	5.22835	0.0927417
3	5.23046	-0.104809
3	5.26017	-0.0329251
3	5.20256	0.0826139
3	5.23127	-0.2611
3	5.23211	0.0871762
3	5.20557	0.198403
3	5.27032	-0.223552
3	5.21244	-0.294624
3	5.22065	-0.289393
3	5.22854	-0.287558
3	5.22351	-0.026096
3	5.21898	0.134193
3	5.26078	-0.0972301
3	5.25194	-0.164018
3	5.23889	-0.296921
3	5.2169	0.213935
3	5.22838	0.0647775
3	5.28002	0.00316801
3	5.20538	-0.0934839
3	5.20678	-0.188982
3	5.25619	-0.0243297
3	5.27648	-0.246923
3	5.21321	-0.210137
3	5.21702	-0.0831041
3	5.20523	0.26137
3	5.21804	0.249637
3	5.27903	0.0989899
3	5.2378	-0.167332
3	5.25211	0.0139319
3	5.24224	0.0876654
3	5.21089	-0.174441
3	5.21498	-0.179586
3	5.25788	-0.0259682
3	5.23787	-0.146366
3	5.21571	-0.201925
3	5.25531	-0.153881
3	5.20572	-0.244122
3	5.27328	-0.215579
3	5.2173	-0.235685
3	5.21985	-0.158127
3	5.2201	-0.264646
3	5.23496	0.126867
3	5.25642	0.262279
3	5.2281	-0.287084
3	5.25193	-0.13079
3	5.23243	-0.28849
3	5.21877	0.23198
3	5.22802	-0.0889318
3	5.22436	-0.126695
3	5.22458	-0.0935555
3	5.26785	-0.0650856
3	5.27197	-0.154527
3	5.24246	-0.0377046
3	5.25271	-0.141167
3	5.27037	0.151283
3	5.22617	0.173918
3	5.25288	-0.145387
3	5.22612	-0.27204
3	5.21734	-0.227113
3	5.28026	0.0728598
3	5.20367	-0.184316
3	5.24005	-0.137139
3	5.23187	-0.160078
3	5.28186	0.186954
3	5.2597	-0.134682
3	5.26915	-0.140823
3	5.21102	0.0946968
3	5.26421	-0.0286105
3	5.27228	-0.163093
3	5.21733	0.0474153
3	5.23658	-0.115091
3	5.20712	-0.112517
3	5.23307	-0.269146
3	5.28331	0.176006
3	5.22755	-0.140908
3	5.2201	-0.0918089
3	5.21873	0.250762
3	5.20422	-0.177385
3	5.23062	-0.150877
3	5.23507	-0.163747
3	5.26793	-0.273113
3	5.20625	-0.0488367
3	5.25421	-0.28525
3	5.20971	0.17957
3	5.27955	0.166246
3	5.27042	-0.173491
3	5.24516	0.137431
3	5.23311	0.141186
3	5.2513	-0.00891716
3	5.22365	-0.106012
3	5.21833	0.240865
3	5.24758	0.128109
3	5.24459	-0.127108
3	5.26171	0.122869
3	5.25479	-0.200478
3	5.20292	0.0918526
3	5.24903	-0.19281
3	5.20278	0.15887
3	5.26693	-0.0810292
3	5.25433	-0.242715
3	5.25156	-0.151462
3	5.26051	0.0889706
3	5.24051	0.0037682
3	5.20956	0.0315566
3	5.20121	-0.27155
3	5.24957	0.0657579
3	5.22634	-0.0574694
3	5.20189	-0.0552837
3	5.22002	0.0850987
3	5.24427	-0.137282
3	5.27656	-0.21346
3	5.23604	-0.182854
3	5.25447	-0.278043
3	5.23852	0.295537
3	5.22849	0.259694
3	5.25835	-0.233431
3	5.2193	-0.18176
3	5.2414	0.119922
3	5.24975	-0.22097
3	5.2596	0.269252
3	5.2241	-0.263226
3	5.26838	0.0358648
3	5.22364	-0.299362
3	5.24264	0.273115
3	5.26773	-0.153985
3	5.2527	-0.265982
3	5.2785	-0.0637284
3	5.20176	0.140489
3	5.21974	-0.0643709
3	5.24591	0.284584
3	5.21618	-0.126352
3	5.23993	0.187323
3	5.27223	0.0985807
3	5.2278	-0.282904
3	5.25381	-0.291574
3	5.23083	-0.152721
3	5.25253	-0.174085
3	5.21025	-0.0467599
3	5.22972	-0.00524968
3	5.2685	-0.279029
3	5.23273	-0.138199
3	5.23809	0.250114
3	5.25916	-0.231626
3	5.25838	-0.178392
3	5.20203	-0.185687
3	5.25089	0.0698898
3	5.26402	-0.191957
3	5.26491	-0.201124
3	5.21058	-0.142077
3	5.24393	-0.084911
3	5.25944	0.227916
3	5.2381	0.097968
3	5.28434	-0.152523
3	5.28003	-0.18266
3	5.23507	0.0373704
3	5.25109	0.060735
3	5.23167	-0.072272
3	5.23116	-0.0410329
3	5.20642	0.280574
3	5.20083	-0.271493
3	5.2356	0.0622482
3	5.24709	-0.205521
3	5.28382	-0.0131802
3	5.27739	-0.0546406
3	5.22972	-0.108749
3	5.20984	0.0432553
3	5.2228	-0.164668
3	5.22125	0.20979
3	5.25357	0.156176
3	5.21007	0.173479
3	5.2713	-0.194004
3	5.20759	0.0875991
3	5.21308	-0.242983
3	5.24183	-0.0239111
3	5.28263	-0.166588
3	5.21839	-0.00901453
3	5.26829	-0.243477
3	5.25715	-0.0452774
3	5.27945	-0.246895
3	5.27645	0.223124
3	5.20149	0.00612088
3	5.21043	-0.0974017
3	5.25664	-0.259769
3	5.21704	-0.125511
3	5.26647	0.0834778
3	5.2832	-0.232742
3	5.24611	-0.191492
4	5.2651	-0.295768
4	5.2407	-0.170717
4	5.20026	-0.28206
4	5.24392	0.275541
4	5.21298	-0.246474
4	5.23236	-0.252088
4	5.22702	0.155525
4	5.2003	0.2013
4	5.2017	0.0658439
4	5.28132	-0.1841
4	5.28728	-0.126159
4	5.24537	0.0481515
4	5.24439	-0.0461093
4	5.20447	-0.149819
4	5.20152	-0.211584
4	5.21377	-0.0767251
4	5.26189	-0.0506913
4	5.22301	0.247374
4	5.2385	0.100766
4	5.27503	0.161667
4	5.21874	0.0676866
4	5.22006	0.0522553
4	5.23664	-0.183286
4	5.24951	-0.0844514
4	5.24647	-0.267154
4	5.24033	-0.0576379
4	5.26992	-0.281918
4	5.24005	-0.000427537
4	5.25573	-0.0643796
4	5.25806	-0.146818
4	5.28439	0.0624734
4	5.21371	-0.0208654
4	5.21766	-0.128605
4	5.28358	-0.0827944
4	5.25049	-0.0574542
4	5.2118	-0.271134
4	5.20946	0.297046
4	5.24993	0.293268
4	5.24308	0.157864
4	5.20269	0.111899
4	5.20609	-0.0421197
4	5.22177	-0.159819
4	5.25114	-0.289739
4	5.22417	-0.0943227
4	5.20864	-0.165885
4	5.2309	-0.0317622
4	5.28503	-0.222183
4	5.24572	0.130714
4	5.24707	-0.0701736
4	5.25808	-0.0558651
4	5.2593	0.128178
4	5.28361	0.109286
4	5.26788	-0.176714
4	5.28439	-0.190989
4	5.265	0.197338
4	5.24447	0.107101
4	5.21851	-0.217659
4	5.25516	0.0278456
4	5.2658	0.049066
4	5.23474	-0.253752
4	5.20944	-0.171274
4	5.2157	-0.041034
4	5.20813	-0.281271
4	5.24699	-0.148564
4	5.20868	0.127031
4	5.22721	0.132607
4	5.22578	-0.15159
4	5.2252	-0.170692
4	5.22455	0.276998
4	5.24036	-0.115161
4	5.22906	0.0829981
4	5.22199	0.243341
4	5.21246	0.255662
4	5.22774	-0.236904
4	5.26901	0.0629145
4	5.2303	0.00277702
4	5.21644	-0.000633716
4	5.24706	-0.229056
4	5.27119	-0.00875584
4	5.21779	0.065367
4	5.22503	-0.289569
4	5.26849	0.0675129
4	5.27113	-0.175196
4	5.21548	0.158883
4	5.24989	-0.157312
4	5.26545	-0.212532
4	5.25273	-0.275213
4	5.21863	-0.251952
4	5.22675	0.0182584
4	5.22212	0.239172
4	5.25532	0.236381
4	5.21952	-0.105278
4	5.20713	-0.00286955
4	5.27649	-0.120306
4	5.22415	0.208098
4	5.21613	-0.0817521
4	5.20151	0.0121882
4	5.26745	0.00314449
4	5.20014	-0.282413
4	5.25471	0.18931
4	5.24353	-0.296037
4	5.21256	-0.240774
4	5.24119	0.189754
4	5.21598	0.0455464
4	5.24179	-0.240729
4	5.20866	0.108992
4	5.21878	0.0443617
4	5.25155	0.06298
4	5.2253	0.0681067
4	5.26448	-0.287412
4	5.20784	0.130566
4	5.2579	0.0330935
4	5.268	-0.158004
4	5.20724	-0.241027
4	5.25366	-0.0230713
4	5.24133	0.286124
4	5.23625	-0.109442
4	5.27034	-0.173762
4	5.2804	0.234187
4	5.28624	0.0303398
4	5.2582	0.0647929
4	5.25591	0.141971
4	5.21109	-0.0890758
4	5.23301	-0.268514
4	5.22437	-0.049731
4	5.24123	-0.217413
4	5.20196	0.0355459
4	5.22585	-0.135538
4	5.24235	0.277005
4	5.20625	0.264527
4	5.28112	0.122176
4	5.21526	-0.0181287
4	5.24437	0.18969
4	5.28517	0.0423771
4	5.28148	-0.244755
4	5.21254	-0.238749
4	5.22388	0.2184
4	5.22527	0.285159
4	5.22522	-0.054109
4	5.23	0.0781693
4	5.26454	-0.0266557
4	5.21215	-0.0201936
4	5.21264	-0.111166
4	5.25111	-0.163183
4	5.24992	-0.293724
4	5.22075	-0.28338
4	5.21715	0.261393
4	5.23725	0.158215
4	5.23507	-0.186121
4	5.24866	0.24624
4	5.25923	-0.250734
4	5.20601	-0.152054
4	5.26687	0.0358234
4	5.20218	-0.20931
4	5.24468	0.164479
4	5.25071	-0.208204
4	5.26059	-0.201158
4	5.28121	-0.268992
4	5.22645	-0.0087932
4	5.26321	0.0932
4	5.20562	0.186042
4	5.24355	0.0950069
4	5.2793	-0.0933569
4	5.20402	-0.0152439
4	5.232	0.147854
4	5.28041	-0.243047
4	5.25754	0.229668
4	5.26042	0.226551
4	5.27002	-0.101306
4	5.25983	0.125999
4	5.2343	0.0536456
4	5.22699	-0.199243
4	5.26805	-0.0433247
4	5.23379	0.0924671
4	5.22585	0.239366
4	5.2478	-0.14114
4	5.23958	-0.140408
4	5.23874	-0.164474
4	5.27865	0.295155
4	5.24897	-0.198429
4	5.25964	-0.0655569
4	5.24607	-0.061721
4	5.26445	-0.26368
4	5.25814	-0.0193638
4	5.27624	0.164971
4	5.25891	0.00937613
4	5.25004	-0.259984
4	5.25828	-0.298938
4	5.27026	0.0422047
4	5.25178	0.106706
4	5.26035	-0.210134
4	5.25434	-0.0687845
4	5.25423	0.129768
4	5.23393	0.0657409
4	5.23069	-0.0718363
4	5.23559	-0.0795153
4	5.20035	0.133366
4	5.22085	0.150025
4	5.23771	-0.15956
